offset:
  head_pan: 0
  head_tilt: 0
  l_ank_pitch: -0.006108652381980153
  l_ank_roll: 0.001570796326794897
  l_el: 0
  l_hip_pitch: -0.01815142422074103
  l_hip_roll: -0.003141592653589793
  l_hip_yaw: -0.001570796326794897
  l_knee: 0.004537856055185257
  l_sho_pitch: 0
  l_sho_roll: 0
  r_ank_pitch: -0.006108652381980153
  r_ank_roll: 0.003141592653589793
  r_el: 0
  r_hip_pitch: -0.01815142422074103
  r_hip_roll: 0.001570796326794897
  r_hip_yaw: -0.003141592653589793
  r_knee: 0.001570796326794897
  r_sho_pitch: 0
  r_sho_roll: 0